FANN_FLO_2.1
num_layers=3
learning_rate=0.700000
connection_rate=1.000000
network_type=0
learning_momentum=0.000000
training_algorithm=2
train_error_function=1
train_stop_function=1
cascade_output_change_fraction=0.010000
quickprop_decay=-0.000100
quickprop_mu=1.750000
rprop_increase_factor=1.200000
rprop_decrease_factor=0.500000
rprop_delta_min=0.000000
rprop_delta_max=50.000000
rprop_delta_zero=0.100000
cascade_output_stagnation_epochs=12
cascade_candidate_change_fraction=0.010000
cascade_candidate_stagnation_epochs=12
cascade_max_out_epochs=150
cascade_max_cand_epochs=150
cascade_num_candidate_groups=2
bit_fail_limit=1.00000000000000002082e-03
cascade_candidate_limit=1.00000000000000000000e+03
cascade_weight_multiplier=4.00000000000000022204e-01
cascade_activation_functions_count=10
cascade_activation_functions=3 5 7 8 10 11 14 15 16 17 
cascade_activation_steepnesses_count=4
cascade_activation_steepnesses=2.50000000000000000000e-01 5.00000000000000000000e-01 7.50000000000000000000e-01 1.00000000000000000000e+00 
layer_sizes=3 4 2 
scale_included=0
neurons (num_inputs, activation_function, activation_steepness)=(0, 0, 0.00000000000000000000e+00) (0, 0, 0.00000000000000000000e+00) (0, 0, 0.00000000000000000000e+00) (3, 5, 1.00000000000000000000e+00) (3, 5, 1.00000000000000000000e+00) (3, 5, 1.00000000000000000000e+00) (0, 5, 1.00000000000000000000e+00) (4, 5, 1.00000000000000000000e+00) (0, 5, 1.00000000000000000000e+00) 
connections (connected_to_neuron, weight)=(0, 2.04725097148219026266e+00) (1, 2.06780662716915442090e+00) (2, 1.91194057147992024781e+00) (0, 1.99155390363302853274e+00) (1, 2.00649438051978368236e+00) (2, -1.74544549132771908972e+00) (0, 2.24587120242266502501e+00) (1, 2.25197510525788668900e+00) (2, 1.95560530850936276082e+00) (3, 3.24910712875151785894e+00) (4, -4.51267231368399546199e+00) (5, 1.10019649297282873235e+00) (6, -4.23841928154260649819e+00) 
