FANN_FLO_2.1
num_layers=4
learning_rate=0.700000
connection_rate=1.000000
network_type=1
learning_momentum=0.000000
training_algorithm=2
train_error_function=0
train_stop_function=0
cascade_output_change_fraction=0.010000
quickprop_decay=-0.000100
quickprop_mu=1.750000
rprop_increase_factor=1.200000
rprop_decrease_factor=0.500000
rprop_delta_min=0.000000
rprop_delta_max=50.000000
rprop_delta_zero=0.100000
cascade_output_stagnation_epochs=12
cascade_candidate_change_fraction=0.010000
cascade_candidate_stagnation_epochs=12
cascade_max_out_epochs=150
cascade_max_cand_epochs=150
cascade_num_candidate_groups=2
bit_fail_limit=3.49999999999999977796e-01
cascade_candidate_limit=1.00000000000000000000e+03
cascade_weight_multiplier=4.00000000000000022204e-01
cascade_activation_functions_count=10
cascade_activation_functions=3 5 7 8 10 11 14 15 16 17 
cascade_activation_steepnesses_count=4
cascade_activation_steepnesses=2.50000000000000000000e-01 5.00000000000000000000e-01 7.50000000000000000000e-01 1.00000000000000000000e+00 
layer_sizes=3 1 1 1 
scale_included=0
neurons (num_inputs, activation_function, activation_steepness)=(0, 0, 0.00000000000000000000e+00) (0, 0, 0.00000000000000000000e+00) (0, 0, 0.00000000000000000000e+00) (3, 8, 7.50000000000000000000e-01) (4, 3, 5.00000000000000000000e-01) (5, 5, 5.00000000000000000000e-01) 
connections (connected_to_neuron, weight)=(0, 1.60545617938050311224e+00) (1, 1.67907711822203853380e+00) (2, -2.16227558625244759005e-03) (0, 1.77194523591143668351e-03) (1, 9.06964188328985773668e-03) (2, -5.69815209544713425771e+01) (3, -2.19006423457853045822e-03) (0, 2.42367981466468596086e-01) (1, 2.36172491149544194755e-01) (2, 2.60715418513701613357e-01) (3, 3.95898133635905011829e+01) (4, 2.40127133699708894543e-01) 
