FANN_FLO_2.1
num_layers=4
learning_rate=0.700000
connection_rate=1.000000
network_type=1
learning_momentum=0.000000
training_algorithm=2
train_error_function=0
train_stop_function=0
cascade_output_change_fraction=0.010000
quickprop_decay=-0.000100
quickprop_mu=1.750000
rprop_increase_factor=1.200000
rprop_decrease_factor=0.500000
rprop_delta_min=0.000000
rprop_delta_max=50.000000
rprop_delta_zero=0.100000
cascade_output_stagnation_epochs=12
cascade_candidate_change_fraction=0.010000
cascade_candidate_stagnation_epochs=12
cascade_max_out_epochs=150
cascade_max_cand_epochs=150
cascade_num_candidate_groups=2
bit_fail_limit=3.49999999999999977796e-01
cascade_candidate_limit=1.00000000000000000000e+03
cascade_weight_multiplier=4.00000000000000022204e-01
cascade_activation_functions_count=10
cascade_activation_functions=3 5 7 8 10 11 14 15 16 17 
cascade_activation_steepnesses_count=4
cascade_activation_steepnesses=2.50000000000000000000e-01 5.00000000000000000000e-01 7.50000000000000000000e-01 1.00000000000000000000e+00 
layer_sizes=3 1 1 1 
scale_included=0
neurons (num_inputs, activation_function, activation_steepness)=(0, 0, 0.00000000000000000000e+00) (0, 0, 0.00000000000000000000e+00) (0, 0, 0.00000000000000000000e+00) (3, 8, 7.50000000000000000000e-01) (4, 3, 5.00000000000000000000e-01) (5, 5, 5.00000000000000000000e-01) 
connections (connected_to_neuron, weight)=(0, 1.48492135786866064073e+00) (1, 1.48424810659039918548e+00) (2, -9.51962516723418167297e-02) (0, 1.20526710701540556991e-01) (1, -3.43040928430235203539e-02) (2, -5.60387824214513230459e+01) (3, 1.24551391220194956899e-01) (0, 1.58704476772583452648e-01) (1, 1.58278388470207476146e-01) (2, 1.58576751501093349273e-01) (3, 3.95921730495030246288e+01) (4, 2.41078012675222719263e-01) 
